141.97740403817738 49.97944861008655 149.51860960494892
-42.528988383177676 -144.36706396674504 149.50210057397138
47.688970771986114 142.76093559002533 149.516587233806
138.28590457539676 59.58205957040181 149.57585334344844
-111.3787425637263 -101.2169773237065 149.50047278276017
136.7552743704493 62.84458438859393 149.50504513319393
-5.826755229733278 150.38677135173685 149.50053070445026
-123.55195577569918 85.95383174742409 149.50998677107094
-133.66866386916917 69.24064247434868 149.53769094647942
-127.63661085224281 -79.78676036804295 149.52357038283122
-140.416528945992 54.38263458456965 149.5801543440334
-143.75631614606291 -44.66634611149994 149.5359640343743
-80.31721500882179 -127.28013370060269 149.50384511034127
148.71071694676147 23.17272107593765 149.50637066360022
-38.68786613916565 -145.48014454768187 149.5366390868477
143.17568903739976 -46.50522456630114 149.5401402484233
-101.98530785396443 -110.67563492255692 149.50050617768798
-55.62396966373368 -139.8882122686819 149.5425537884516
-134.42506417349 -67.81152091848459 149.56168339499476
-140.03812423777143 -55.13088821589512 149.50054545765923
-91.60027777459482 -119.41314445882327 149.50057527713705
-119.90485423638948 -90.95803295126773 149.5019659837502
-144.5248282595041 -41.9868492771718 149.50130859566687
-149.75276097667913 -14.983153005940487 149.50147634034238
125.0165690114974 -83.79578590423837 149.50313795623458
-150.06240656903879 11.475879799993569 149.50145565769634
60.62504311684469 137.76154753614517 149.51233504020763
-143.40639430971703 45.848382819086346 149.55720533588422
-99.80042774614408 112.65087061078088 149.5003230831191
107.90284924640159 -104.91460763504718 149.50049618358426
-125.65339956685884 82.85874181963622 149.51361572609983
-79.91396712786661 127.56067629868588 149.5258215751982
-51.4941534046321 141.4710538606889 149.5513719578165
-44.66583315847383 143.75631884578095 149.53611746372178
-38.8653025585875 145.42133010897294 149.52533508135045
38.68788568905681 145.48018247235643 149.536630774925
-26.13116625415222 148.2235784329748 149.50936090396758
-95.73725482088508 116.12611083808378 149.50262554486585
-16.37855191397397 149.6084565634635 149.50269706276296
-6.096261980704705 150.37611266367222 149.50048033715757
-0.19160204917058377 150.4999263569775 149.50009031474255
28.069554798561498 147.8756175773352 149.5161085310686
130.43707481385448 75.12760714858814 149.52675678614904
95.7765017831987 116.09036275994978 149.50056569819589
84.82970803378902 124.3146675669553 149.50094235977065
73.06188732566626 131.57903064450784 149.5038303735185
123.06601219586153 86.63393676195646 149.50246009207714
-87.5328800622261 122.44066047483294 149.5115861951061
105.77993519636148 107.05472854814023 149.50052503281424
63.98816421785558 -136.21901770669743 149.50058919998546
145.96059905393372 36.68586451689396 149.50139604917592
149.99844583670384 12.284958120500935 149.50105103674017
149.9653703313544 -12.692136878071793 149.50150894648291
149.18302606233067 -19.86822611975863 149.5012462096652
150.35777985419213 -6.531636915566292 149.5005307140082
138.25442763762172 -59.46592530096079 149.50184743421448
132.18264942294797 -71.95772233382066 149.50079441530863
98.19162373418054 -114.05494626327592 149.50056912249906
76.20165752239733 -129.79148235760812 149.50859602674916
116.87176208707561 -94.82141193011671 149.5005629483644
51.18073581688376 -141.5753563733599 149.54359042890235
24.407313618566377 -148.5071891881572 149.50055863626764
10.857385923711977 -150.10735344001387 149.5005230136778
150.5 0.1304000121560746 149.50005687010014
150.44398134882644 4.099210384798941 149.50019092685878
150.4996137310345 0.36138863691016976 149.50005052666506
150.49873987145247 0.622653400365151 149.50003652310326
150.4974252736252 0.8846336801054855 149.5000426093288
150.49566500311275 1.1476622341346403 149.50007017833323
150.4937016332412 1.3822801533774498 149.50009206161366
150.49132624907423 1.6187175390104591 149.5000898667899
150.48817976665813 1.887019496807398 149.5000894064282
150.48494661999337 2.1280953987583864 149.50009383277484
150.4808167619594 2.4016168703136325 149.50010817191492
150.4766675147713 2.6487364117762677 149.5001335648251
150.47203270740255 2.8994478384604294 149.50015170377182
150.46689159159877 3.15411139230566 149.50016756087535
150.4612217208759 3.4130721517541747 149.50018682199
150.45499849021948 3.676683062161036 149.5002159598811
150.44892809600475 3.916362200537856 149.5002341199859
150.4415289544224 4.1904740440622525 149.5002364631552
150.4343445396847 4.441625910602278 149.5002142110019
150.42652950779166 4.69913639338461 149.50018132576582
150.41713490301896 4.991805788485587 149.50017069978128
150.40891139829114 5.234671032077511 149.50016997927133
150.39997381504392 5.485509087331949 149.5001400650236
150.38924791744014 5.772206186555022 149.50011169360462
150.37876271257304 6.039658264742779 149.5001026826595
150.367436613312 6.315851399786285 149.50009855298194
150.35637148014658 6.574237400974809 149.5000886106484
150.343174006923 6.8697923299163985 149.5000857451623
150.33211990307876 7.107535555248601 149.50007070471378
150.31769607345854 7.406405763516986 149.50006240749966
150.30500596606882 7.660072544408494 149.50007795089837
150.28907978825586 7.966653349913386 149.50008449287233
150.26891574145534 8.338825817063746 149.50011031719168
150.24475603737943 8.76437797206721 149.50017682719286
150.21604769314212 9.24455054796616 149.5002661226499
150.1793164079665 9.824407603865053 149.50037838322046
150.13294560947614 10.5106767554519 149.5005372023899
150.073985893976 11.322996336056516 149.5007548708001
149.99734400698318 12.29902215563084 149.50109898793022
149.90025363416407 13.436028489463073 149.50139828082067
149.7739534766994 14.783356815235322 149.501832896204
149.60866084739263 16.37838963436641 149.50250175662552
149.39176803013385 18.258928149087033 149.5035317768698
149.10610228990896 20.470129714896167 149.50505069831522
148.72696829930462 23.074238275091197 149.50726809264424
148.22385100489365 26.128729559794458 149.5095369160938
147.54975959573608 29.719177628495288 149.51299410241438
146.64413669685933 33.92842800367645 149.51828080969284
145.4208442691614 38.86614516840005 149.5255655931697
143.75678582558376 44.6654239090003 149.53579551233523
141.47055154330397 51.494689547633705 149.55169174418336
114.84235441010502 97.26970044039092 149.5006900916681
134.43493961517044 67.79432361910281 149.5617408029024
130.75764213879623 74.59453977181857 149.5395907884089
127.56047809238711 79.91437573703139 149.5257262657556
124.80210251912447 84.1415925287521 149.5173295130642
122.4388941107543 87.53481131770359 149.51193491547934
120.43253413281084 90.26955947080704 149.50788679249604
118.73777741259691 92.48338152153123 149.50527315204
117.31251752981264 94.28185674423221 149.50364490898434
116.12832022580709 95.73460432728211 149.5026457220916
115.14071314762516 96.91864207095935 149.50204023025051
114.33045456078395 97.87237942995925 149.5014483747558
113.6515293429392 98.65958579621729 149.5009636677064
113.11002358341831 99.27969413688312 149.50063957473074
112.64541186635185 99.8063897645382 149.5004229584594
112.28609842066099 100.21037947954018 149.5002962212983
111.98950671057577 100.5416092916628 149.50016877209057
111.80454659268555 100.7471181951146 149.50005442595435
111.66212570400972 100.90495844850632 149.5000444043909
111.4929332433068 101.09199090058367 149.5001044692801
111.31700647787733 101.28569397951408 149.5000974278189
111.10755468237215 101.51542252997643 149.5000879664599
110.92981880938022 101.70962108250404 149.50008438897143
110.73539106255176 101.92125362471678 149.5000669433232
110.5458733132105 102.12676667496385 149.50005572480032
110.33725614081425 102.35214743545708 149.50007402195283
110.17352751380683 102.52837740226242 149.50008388746548
109.97534532148356 102.74090658630762 149.50007769889416
109.79655766718354 102.93193609962576 149.50007722150394
109.60863172733572 103.13199957268401 149.5000700356903
109.41123180657704 103.34138915273984 149.50008345804827
109.23322490453369 103.52952891852881 149.5001034648078
109.05756707094369 103.71452142085596 149.5001051229566
108.85880525426676 103.92310012933616 149.50011707656074
108.69080899136888 104.09876857244112 149.5001276812221
108.48454598877973 104.3136895741547 149.50015311255444
108.33665634729091 104.46724468780978 149.50016023335456
108.12111814519416 104.6902550213819 149.5001689734233
107.95049202190994 104.86617914894268 149.5002020791026
107.7670979527376 105.05460835844364 149.50022532958235
107.58579358267167 105.24024271293212 149.5002498458969
107.4056698137501 105.42402831446985 149.5002718145962
107.22723243844185 105.60546281683668 149.50028787034597
107.03497667532228 105.80027179574961 149.50031461303297
106.8578657130852 105.97911512110663 149.5003461815755
106.68117622774201 106.15691734667017 149.50036567267546
106.49017614519994 106.34845770852452 149.50039114031247
106.29904185958839 106.53947207714464 149.5004388135368
106.12209881503699 106.71569485139881 149.50048618709306
105.94438320113318 106.89207714766464 149.5005203414391
105.75142649443818 107.08294253471418 149.50055034971874
105.5719250744024 107.25997536500932 149.50052021267075
105.3907275016113 107.43806378575952 149.50048048101368
105.20808861679181 107.61694781254921 149.50043343202503
105.00879951066163 107.81146343484605 149.50039649033258
104.82210021278388 107.99305814364708 149.50037863279158
104.64728406595718 108.16250298885844 149.50034815152975
104.45485959642026 108.34836452353004 149.50030468762264
104.24516108383686 108.550202287574 149.50029142448307
104.07537842753668 108.7130469329392 149.5002815737876
103.88777538632469 108.89234998725333 149.50024273520705
103.6815535389212 109.08875134439386 149.50021481828097
103.4991905639089 109.26181352970453 149.50019460174659
103.29911261372202 109.45101011437978 149.50016646401357
103.09356859000513 109.6446792847337 149.5001585772595
102.91056353302899 109.81649088358915 149.50014760522419
102.70926509635866 110.00479284775841 149.5001223270049
102.51503549884424 110.1858211202362 149.50009562540473
102.28656085597925 110.39798721033586 149.5000959207547
102.10807401258113 110.56312297208908 149.5000999857714
101.89364185504915 110.7607795679391 149.50008643953356
101.69998497475903 110.93861957425354 149.50007172737054
101.48439996725105 111.13585204964907 149.5000493683388
101.26683666072907 111.3341400375915 149.5000477262809
101.07326829882018 111.50990791725872 149.50005115044897
100.85083927689234 111.71113686714078 149.50006629650522
100.615940830558 111.92280095203189 149.50010661538502
100.35147868396014 112.16000293797342 149.50013132895663
100.0105464555369 112.46415028690127 149.50018145416868
99.63701233548916 112.79530151594736 149.50027994801707
99.19108475390627 113.18775195489988 149.50041388041404
98.66087347266733 113.65034269056488 149.50059672350756
98.02864746568713 114.19627696180383 149.50084765590887
97.26903431221066 114.84422735039055 149.50122783896586
96.3765901025387 115.59449862105826 149.50175447845493
95.30482955790052 116.48035431190405 149.50229216860785
94.02759173293882 117.5150238492995 149.50284793731555
92.50953059304851 118.71528391736548 149.5037460797065
90.69992441742286 120.10539722312559 149.50509452663937
88.53627248282271 121.71148663873528 149.50712569627487
85.95286542296876 123.55243579509586 149.5101471530803
82.85881059696763 125.65310057345125 149.5138540041916
79.14569295579807 128.0309475500955 149.51898323830173
74.66811796426595 130.7013397571501 149.52688412331057
69.24093121341136 133.66844213015608 149.53771540442642
62.602798228812404 136.9210417172165 149.55442989380873
54.38216052033175 140.41692241758176 149.57998428545147
45.84903607563491 143.40593184872037 149.55750000319608
34.44021249105164 146.50970907625336 149.50427598745324
32.858034632617425 146.89369823587418 149.52438867034138
24.12623736219878 148.56444707226862 149.51099680301604
21.079133588679635 149.02145322999385 149.50590639492663
20.87308403366604 149.05241980368908 149.5077919736549
15.988474982845908 149.65163123028142 149.5033540426083
18.193354940486955 149.40110152441076 149.50510211032108
14.174461006665691 149.8332745690667 149.50224522136799
12.69255141319693 149.96531565013194 149.50154804833312
11.476080155802713 150.0627432477234 149.50111010089685
10.486662395354152 150.13471001940817 149.50084154576402
9.674447940279414 150.1889190035387 149.500682260035
9.005532909148616 150.2302990136468 149.50062028132885
8.486247641993977 150.26036104010979 149.50058520682174
8.040182174425528 150.28474497658652 149.50056278089167
7.800656489173374 150.29726646594594 149.50053029937203
7.7884257372408205 150.29789124074293 149.50052438419826
7.613053877194883 150.3069012700061 149.50049832563536
7.374837128032707 150.31885568289297 149.50050927355437
7.094203162104275 150.3323997049954 149.50047197025833
6.834385709924762 150.3444532791394 149.50042286375705
6.531797005708945 150.35792990361932 149.50037537294008
6.266480267365679 150.36925821612172 149.5003507848102
5.983902495843116 150.3808073147045 149.50032753989947
5.738193635311156 150.39040387153278 149.50029681801067
5.445970743897989 150.40129064903613 149.50026070785847
5.189933838300256 150.41037102846096 149.5002411880309
4.9138951409687674 150.41966973888165 149.50022120470916
4.673569324017091 150.42734040719472 149.5001945106184
4.3834006886018315 150.4360916523217 149.50016755181082
4.128335711080936 150.44333799863873 149.50016336120493
3.87950575079103 150.44997407551904 149.50014596692654
3.607587846300224 150.45675477719465 149.50012990136
3.370008311056104 150.46226937847678 149.5001112367696
3.0791376318007604 150.46852125896348 149.50010315576364
2.8512284053071912 150.4730298170257 149.50010246100166
2.5982658858791297 150.47760257537357 149.500077333906
2.3196261527139628 150.4821658212771 149.50007160197185
2.0738513667787926 150.48577425494366 149.50008117642187
1.8311765335909338 150.48892692653848 149.5000769325641
1.5912433113662292 150.4916393191796 149.50005543218828
1.3239199749228239 150.49421142254099 149.50003514023393
1.0585223274317217 150.49631910261908 149.50004200604477
0.8245512540323496 150.49778469573818 149.50004634080975
0.5620182105237921 150.4989893067665 149.50004727896982
0.30038954955112906 150.49975179294503 149.50006889628472
-0.4226509169944983 150.49944041143343 149.50009117139084
0.0692261151999311 150.5000387630153 149.50008225851315
-0.6840596424527285 150.4984533769107 149.500085454834
-0.9462645808644292 150.49702455053315 149.50010012745986
-1.1797751336058804 150.49536101578948 149.50010928530503
-1.4446162091416705 150.49303026742092 149.50011711799118
-1.7112735658776672 150.49023587365053 149.50015141501459
-1.9503918602239438 150.4873279865712 149.5001846456122
-2.192123425040947 150.48398106211167 149.50019983328997
-2.4368231873574455 150.4801798742695 149.50020026348315
-2.7143038300437867 150.4753997829056 149.50021586076943
-2.9659258483885536 150.470638059138 149.5002483910141
-3.221576726416017 150.465364832367 149.5002801654516
-3.4524490972187323 150.4602083132186 149.50029040207414
-3.746386256042494 150.453139295186 149.5003158214099
-3.987330372746892 150.4469300132524 149.50035336305038
-4.262789293731574 150.43935513709107 149.50039640997747
-4.486708691058732 150.4328087644599 149.50041705352385
-4.774409910857425 150.42389577026825 149.50043460518143
-5.040311622374805 150.4151918580407 149.50047761640155
-5.313296325918822 150.40577481766238 149.50053332553614
-5.565846593351047 150.3966216910622 149.5005750411508
-5.543203495400952 150.39743617112293 149.5005600326313
-23.071986330615232 148.7277306373943 149.50683178332736
-6.37493175371972 150.3645881038328 149.5004369196701
-6.662738974727526 150.3521620655285 149.50041519404428
-6.906564711500737 150.34118815547757 149.50038482524005
-7.184026155484368 150.3281881538971 149.50032331649615
-7.415561476078331 150.31698309940288 149.50031058586578
-7.6600706697010335 150.3047732868658 149.5003109324876
-7.966776491866307 150.28886843196406 149.50028982485512
-8.338836306298145 150.26874422989422 149.50028209167476
-8.764390230988582 150.2446230302267 149.5003100588209
-9.244656516742111 150.2159526680537 149.5003560117048
-9.824517587117771 150.17927375643515 149.5004160692317
-10.510718454119505 150.13296986309126 149.50051288966458
-11.323112207957347 150.0740785614305 149.5006571607371
-12.29908712962122 149.99752679305652 149.50091559403535
-13.436144152939605 149.9003268734001 149.50131996250178
-14.783522070290601 149.77389715015119 149.50187968614352
-59.582909008574035 138.28517588773997 149.57616624907033
-18.25903233500224 149.3913951053491 149.503902079762
-20.470266999053344 149.10595400034975 149.50519463994138
-19.05964471292439 149.28788887093995 149.50068651967203
-104.46701759758221 108.33642103321978 149.50048725377283
-29.719476575080442 147.5495412262123 149.51318711089044
-33.92875799527809 146.6439253911802 149.51846465498133
-32.60405427933375 146.928640157557 149.50371877614057
-74.59538670537745 130.75754002137742 149.53930014134272
-67.79439115355795 134.4348518917091 149.56181009001116
-45.983865023244306 143.31484194448947 149.51240075231772
-59.01884974571348 138.50715216689633 149.55822308695858
-111.50978309426534 101.0731551712851 149.5002196097104
-71.46686770528311 132.44846706340485 149.50059183644288
-84.14166768306197 124.80181734438847 149.51755274040124
-83.23114364826483 125.39568691509724 149.50519133144365
-90.27125921209165 120.43125075849788 149.50783361124832
-92.48334518165976 118.73750237510379 149.50549499171188
-94.27990489992558 117.3135583466186 149.50400907657976
-94.14556479713147 117.41997536762078 149.50295166142655
-96.9156912808439 115.1435892396725 149.50170215415164
-97.87975181458566 114.32459317867034 149.50110086737078
-98.651151651542 113.65918014014257 149.5007095983084
-99.29043286583587 113.1008311771862 149.50045867380965
-114.19972876226112 98.02438335305528 149.5010489242427
-100.21042457855248 112.28614894644116 149.50022849594134
-100.54162807921558 111.9895276358564 149.50014065031232
-100.76674642825269 111.78688251777064 149.5000691133508
-100.90502562078547 111.6620893664068 149.50009337455305
-101.07946279358262 111.50426245669875 149.50015706404727
-101.28565277357426 111.3169612057725 149.50015864447644
-101.51536257021505 111.10748903596323 149.50017687425122
-101.70954514041179 110.9297360032529 149.50019674559587
-101.92116019388237 110.73528956291435 149.50020489777316
-102.1266561566897 110.54575369962461 149.5002185793577
-102.33750207318838 110.3505554122493 149.5002422801338
-102.54281544092251 110.15977233225233 149.50027882182837
-102.7407444516938 109.97517175485815 149.50031521272123
-102.93175769759334 109.79636741007927 149.50033803719793
-103.1318040782028 109.60842398805985 149.50035529598026
-103.32649204047652 109.42485112032561 149.50037354499665
-103.54402556410278 109.2189967445108 149.50042340812726
-103.71427559056433 109.05730865456952 149.50046178967898
-103.92283616617458 108.8585286802525 149.50049939746762
-104.09848910783724 108.69051729636656 149.50053164400433
-104.31343257542706 108.48427856642597 149.50052400692562
-104.1675770018818 108.62420076063076 149.5004836103798
-104.69007198396706 108.12092902162178 149.50043216576495
-104.86603090489281 107.95033941654214 149.50041483379388
-105.05449762454053 107.76698435450125 149.50038396904873
-105.24016912472266 107.58571835376716 149.5003550817235
-105.43844412917585 107.39147386345765 149.50034043348396
-105.59106268255324 107.24143813242897 149.50030984178892
-105.8003114629761 107.03501681178965 149.5002581824088
-105.97919133857228 106.85794255906212 149.50023794862642
-106.17154687328679 106.66686951022145 149.50022178480293
-106.33416135608462 106.5047803704554 149.50019611426174
-106.5396639607338 106.29923337538315 149.50016770951143
-106.71592351624473 106.12232623000676 149.50016368923193
-106.89234281725201 105.9446464805634 149.5001463147412
-107.08323990313349 105.75172022260206 149.50013237401447
-107.26025689990277 105.57220217928393 149.5001251828685
-107.43832929947327 105.39098791757664 149.50010857566
-107.61719714185553 105.20833230090624 149.50008479656393
-107.8116949989667 105.00902510374935 149.50007320428685
-107.9932730885905 104.82230888826018 149.50007905557155
-108.16270239092813 104.64747693286716 149.50007073740665
-108.34854671964474 104.45503521994297 149.50005162863835
-108.55036565128701 104.24531806312166 149.5000648631443
-108.71319512906598 104.07552027851803 149.50007643075898
-108.89248134024103 103.88790066419382 149.5000612192331
-109.08886411007398 103.68166073664933 149.50005923108608
-109.2619098762413 103.49928180945395 149.50006190529362
-109.4510883847879 103.29918648330356 149.50005883997025
-109.64473894986318 103.0936247087124 149.50007666746006
-109.81653397780633 102.91060390929789 149.50008855149247
-110.00481766792471 102.70928826809131 149.50008837165137
-110.18582828105255 102.51504215902919 149.50008584608807
-110.39797356259278 102.28654820264424 149.50011453168176
-110.56309303083673 102.10804636770798 149.50014073760462
-110.74844988662338 101.90692111190091 149.5001363615618
-110.96402756952799 101.67212718665603 149.5001683478069
-111.13583774847338 101.48429560411765 149.5002041466859
-111.3205455257434 101.28159546345744 149.5002091828122
-111.7109915702818 100.85070807402673 149.50026206478248
-111.92263396285146 100.6157906967869 149.5003311710975
-112.15981145106107 100.35130742453856 149.5003882269023
-112.46392725527787 100.01034807680448 149.50047994431057
-112.79504375550023 99.63678463124175 149.50062387841024
-113.18745263089575 99.19082243577206 149.50081187881403
-113.65076184193653 98.65985238815142 149.50095490003093
-113.41752626529033 98.92706866687544 149.5005207202557
-114.83794229930041 97.27650255824636 149.50120274406996
-115.59713847812519 96.3738263115456 149.5014642863647
-116.48312776244082 95.30207161255483 149.50193114580122
-117.51363616779715 94.0297291784211 149.5026433442749
-118.71364693527491 92.51169307657985 149.5036856460043
-120.1067848820158 90.69780097285015 149.50524690174814
-121.71124491838773 88.5359239040277 149.50754818516626
-149.0529064642786 20.872816595509672 149.50742085735678
-121.90897218353598 88.25839831119475 149.50467764586654
-128.031631029962 79.14425231860554 149.51918254647387
-130.70124572523395 74.66845800559479 149.52684840008465
-129.4755422338971 76.7226570432483 149.50117410951023
-136.92105919465024 62.60278966148648 149.55445632757852
-136.00341900651733 64.47456191395868 149.5131967907652
-141.36658959886117 51.66896068270885 149.51417126150852
-146.8943787477417 32.856273942200154 149.5240873813229
-145.52485452387927 38.50152176458386 149.53294261323376
-145.47962132878703 38.6882241818375 149.53703150185476
146.80227028952328 -33.233923417157506 149.51815013983355
-148.38550683733914 25.14796264257809 149.50244627375574
-147.8752267473271 28.070749309870706 149.51626838462283
-148.56462563404264 24.123826170932883 149.5112207914292
-150.49404697878185 1.3239085344173431 149.50019959007022
-149.40094146292083 18.19614836891684 149.50495512541414
-149.65160774563665 15.988272384462292 149.50338603361425
-148.7277732202809 -23.072214716469478 149.50677635092615
-149.83308440080737 14.174256454489232 149.50244427351052
-150.03501856724532 11.816966230096993 149.5006432816231
-149.96498561142573 12.692391192372103 149.50188319663053
87.64598450418596 -122.35711127983913 149.51042657177447
-150.13457141455842 10.486539212113906 149.5009845297547
-150.1889465930717 9.674338473455473 149.5006588465399
-150.23045925899942 9.00550253149777 149.5004597485929
-150.26063249366064 8.486140352963195 149.5003182348969
-150.2851087004646 8.040063918542502 149.50020457282855
-150.29767314641936 7.8006575352383205 149.5001230749754
-150.30729491774258 7.613053804803288 149.50010417410394
-150.31923437394454 7.3747125740959145 149.5001364029535
-150.3327471343452 7.0942095611656555 149.50012415470195
-150.34477768919078 6.834390379827465 149.500098122743
-150.3582274909221 6.5317999671604285 149.5000775040048
-150.36952764016843 6.266590735019375 149.50007638057068
-150.3810608144048 5.983787394585466 149.50007822639088
-150.3906311047728 5.738192259611398 149.5000694215362
-150.40149196552647 5.445968055871158 149.5000592589454
-150.41054963796051 5.189929994583958 149.50006247274806
-150.41982356850042 4.913898956990088 149.50006698985956
-150.42747349258633 4.673554149721409 149.50006163199856
-150.4361987148373 4.383393824306462 149.5000604435486
-150.44342243112362 4.128328033532808 149.50007889691244
-150.45003624584302 3.8795042701982037 149.50008358636296
-150.45679317535075 3.6075712914167837 149.5000916591656
-150.49190873303792 -1.5119455605932928 149.50049694938272
-150.46228638335486 3.370004656238715 149.50009408497203
-147.7708305170133 -28.539104648756396 149.50254762330283
-150.46851259907385 3.0791264522779733 149.5001118175012
-150.47300102906655 2.85121183859555 149.5001313572157
-150.47755114744285 2.598259543297592 149.50012868389294
-150.48208982049863 2.3196098665981104 149.50014768277063
-150.48567636700596 2.0738400107870585 149.5001790736112
-150.48880750096288 1.8311650886494826 149.50019636671084
-150.49149859944964 1.5912318570639858 149.50019615923367
-150.17930924871126 -9.824549909124542 149.50038050139509
-150.49613110632566 1.0585109780755808 149.50023000691613
-150.49757593607205 0.8245401289337965 149.5002551032146
-150.49875725024737 0.5620073930283391 149.500279336489
-150.49949652168982 0.3003788724373393 149.50032416786087
-150.49976298082743 0.06921600490831825 149.50035804033743
-150.4996274335445 -0.19161169045559945 149.50038923797285
-150.49912099062004 -0.4226599589233863 149.5004105931942
-150.49811076695818 -0.6840680675282477 149.50042806792663
-150.49665868288474 -0.9462723157660837 149.5004660016068
-150.49497443867773 -1.1797820486091826 149.50049587418292
-150.49262017370467 -1.444625635744749 149.5005272034804
-150.48986141723435 -1.7112765813848443 149.50052593020098
-150.48700333467312 -1.950397670033473 149.5005093240893
-150.48370679357086 -2.192129403583247 149.5004741309206
-150.47995660784304 -2.4368295244000953 149.50042355963555
-150.47523425087013 -2.7143166467159654 149.50038132523247
-150.47052517696667 -2.965928355105826 149.50036140745257
-150.46530512480746 -3.221585451349374 149.50033988653718
-150.46019672249167 -3.4524588279525896 149.50030199591131
-150.4531889623762 -3.746397482844978 149.5002661391442
-150.4470296823529 -3.987351199289468 149.50025345610243
-150.43951263760093 -4.262796113576407 149.5002390748134
-150.43301243413524 -4.486733974307801 149.50021303212895
-150.42415963533713 -4.774429277748344 149.50017060789813
-150.41551144410903 -5.040323315007218 149.50015816866292
-150.4061509640466 -5.313319547743633 149.50015694743527
-150.39704367203618 -5.565872212891823 149.50015277186856
-150.38716969129834 -5.826780702975188 149.50013206511827
-150.37648658333188 -6.096287176469489 149.50010610946288
-150.36493677414302 -6.374956536066573 149.50008793671728
-150.35248465945688 -6.66276320673329 149.50009228686895
-150.34148864948926 -6.906588582301543 149.50008401177118
-150.3284635102362 -7.184049285956986 149.5000476475949
-150.31722949385775 -7.415748621636337 149.50005603560956
-150.30500525184678 -7.660102507965486 149.50007866604824
-150.28907259626686 -7.9668073385872376 149.50008537313246
-150.26891467364462 -8.338865757863989 149.50011138663857
-150.24569056775445 -8.74793710276592 149.5001527605049
-150.21515040307668 -9.25874678627118 149.5002438261435
-146.64413867190808 -33.92915713611585 149.5181185511279
-150.13293811944388 -10.510821435861548 149.50053983065172
-150.07397294271732 -11.323213105017457 149.50075829805078
-149.9973323941425 -12.29918471375936 149.50110589725924
-149.90002903437906 -13.436236557149769 149.50161419718873
-149.773476804485 -14.783605976389039 149.50229715154327
-149.60831328422995 -16.37866854970066 149.5028360961934
-149.3916491461369 -18.25920313979971 149.50364081165299
-149.10623399086418 -20.47054836603406 149.50489490129303
-148.22332906398324 -26.131405602383282 149.50959385060906
-147.54966743429273 -29.717880353525363 149.5133675266806
-145.42105581259221 -38.865692701092385 149.525469369
-68.27218051768527 -134.14255669529703 149.51790338213107
-141.47077875415135 -51.494697895939055 149.55147668774705
-138.28553429301485 -59.5831307811451 149.57579457957578
-134.43460340152362 -67.79388851160742 149.56225396974455
-130.75745292915678 -74.59575111741431 149.53917028829127
-127.56013490253092 -79.91405324953597 149.52622415784663
-124.80168840650427 -84.14246988088786 149.51722463657336
-122.44051383050385 -87.5330467149583 149.51164351618078
-120.43174935503501 -90.27002202900388 149.50818572773122
-118.73597883546506 -92.48527851130392 149.50553040609216
-117.31558662007016 -94.27804328476985 149.50361839589604
-116.12619796775684 -95.7375090875005 149.5023830408161
-115.14093781380531 -96.91901534625391 149.50161588115398
-114.32737299783783 -97.87650949651558 149.501130006964
-113.6555998787776 -98.65514238974123 149.50083026653468
-113.10502167159436 -99.28541299672523 149.50065379875292
-112.65069104730964 -99.80026867782684 149.50056296811337
-112.28593357201551 -100.21023233662453 149.50051718637792
-111.9892834002105 -100.5414087946849 149.500468882032
-111.78661866306916 -100.7665086783195 149.50042428110117
-111.66181352861302 -100.90477642643727 149.50046510575842
-111.5164796989233 -101.06537699600044 149.50052950411026
-111.3036636865207 -101.29966158178256 149.50052731895946
-111.10724776129737 -101.51514219610904 149.50050364301376
-110.94268118241854 -101.69499330956883 149.50045633059915
-110.72181228275188 -101.93546233340487 149.5003989613033
-110.54563835058113 -102.12654957869667 149.50037562770973
-110.35048332720368 -102.33743522971524 149.50034058715596
-110.1597423128572 -102.54278750289679 149.50031983026264
-109.97518222239789 -102.74075422979581 149.50030088861632
-109.79641687871262 -102.93180408377883 149.50027022268102
-109.60851423932662 -103.13188900977435 149.5002313661097
-109.42498098755934 -103.32661469842577 149.50019491026399
-109.21917086275845 -103.54419053946852 149.500183545977
-109.05751721958067 -103.71447399749249 149.50017392788934
-108.858779530186 -103.92307557819245 149.50015263613057
-108.6908035669302 -104.09876337544772 149.50013519341877
-108.4845653557131 -104.31370818619332 149.50012625210297
-108.3366933766001 -104.46728042299272 149.5001087730313
-108.1211808390549 -104.6903156977277 149.50008172598322
-107.95057488685678 -104.86625964567834 149.50008655298782
-107.76720240415924 -105.05471017615682 149.50007946361063
-107.58591925948554 -105.24036564884084 149.50007403973692
-107.40603158341102 -105.42395272698913 149.5000660615144
-107.22713466314299 -105.60589630724087 149.5000526591338
-107.03516618051533 -105.8004590854229 149.50004817462064
-106.85807550411933 -105.97932319626455 149.50005070350744
-106.66698485769545 -106.171661653489 149.50005905971076
-106.50488080658806 -106.33426168220413 149.50005415410197
-106.29931509011274 -106.53974583238752 149.5000520365895
-106.1223918719158 -106.71598951892578 149.50007060223868
-105.94469606442343 -106.8923928512469 149.50007587366645
-105.75175247399753 -107.08327255420005 149.5000864802418
-105.57221837732575 -107.2602733569235 149.5001020915607
-105.39098799635326 -107.43832937976524 149.5001084631766
-105.20831621785341 -107.6171806862435 149.50010780634796
-105.00899147118767 -107.8116604762037 149.50012140141695
-104.82225890736943 -107.99322160606468 149.50015080878947
-104.64741173929797 -108.16263498832375 149.50016450992783
-104.45495334953671 -108.3484617852865 149.50016959713392
-104.25940263065509 -108.53661374414543 149.5001886143688
-104.0611944420649 -108.72665319605117 149.5002268571832
-103.88777019543862 -108.89234454464301 149.5002502563192
-103.69553588426214 -109.07535794657893 149.5002552192343
-103.48508151438216 -109.27500614731238 149.5002844229022
-103.29900636124421 -109.45089753185123 149.50032126820565
-103.09342741535798 -109.64452918853559 149.50036463310664
-102.91039150223801 -109.81630727247077 149.50039921489923
-102.70905925777761 -110.00457236583314 149.50042395840225
-102.50013044396682 -110.19922994583058 149.50046620566346
-102.30088882548485 -110.38418226226118 149.50051587286612
-102.10659978108643 -110.56387277327693 149.5005521214972
-101.9077624795417 -110.7471305435846 149.50054063209026
-101.67190015326574 -110.96377994574405 149.5005042961675
-101.48410491305138 -111.1356288987098 149.50048695584516
-101.28144368922693 -111.32037866428556 149.50043474431357
-101.07304316454008 -111.5096595079169 149.5003864000046
-100.85063825741533 -111.71091425390206 149.50036623838326
-100.61576518070444 -111.92260558209693 149.50036933560935
-100.34094086547219 -112.16916001342749 149.50036879306754
-100.01939931783056 -112.45607669691474 149.50036809539128
-99.63694060475252 -112.79522031699588 149.50038829197757
-99.19677582883642 -113.1826910136321 149.50043653222338
-98.65522856795528 -113.6552840547968 149.5005382284953
-98.024593531769 -114.19997360522301 149.50072624893573
-97.27257870246135 -114.84159530031576 149.50098964335683
-96.37674058642841 -115.59489908141246 149.50136331660124
-95.3049633120416 -116.48074001277364 149.50192304493578
-94.0295516186074 -117.51353923643636 149.50276747747614
-92.50747497100951 -118.7165156656611 149.5040241571415
-90.69907557259998 -120.10560542640205 149.50547032132715
-88.53603668232228 -121.71163742391943 149.5071865434355
-85.95382799248023 -123.55219412658133 149.5098182800999
-82.85804816690239 -125.65368238194928 149.51380593608255
-79.14510287615546 -128.03094006150363 149.51934455142123
-74.66837413883302 -130.70154900725495 149.5266144496924
-69.2406920276005 -133.6682268440879 149.5380316597515
-62.60182655387272 -136.92179140422837 149.55420404537398
-54.3824933488755 -140.4164398451157 149.5803496673375
-45.848558757070435 -143.4062214635281 149.55734469447893
-32.85722297050923 -146.89406768242304 149.52417903987575
-29.216395216998375 -147.63994290226415 149.50402362561047
-28.06874166692087 -147.87541811449333 149.51646621421855
-24.125638421919078 -148.5646836054194 149.51089552489995
-20.872583826808707 -149.05296660882095 149.50737456884988
-18.192905542842098 -149.40114341229247 149.5051828822773
-15.991797861674586 -149.65083718712467 149.50381720031064
-15.861328533601254 -149.66387747021966 149.50301628449694
-14.174084084302866 -149.8330229674438 149.5025140234393
-12.692257183714553 -149.96522870671626 149.50164712846376
-11.475812228828968 -150.06279533156155 149.50106972230037
-10.486466658046982 -150.13487160709258 149.50068765651235
-9.674261881820822 -150.18917412427248 149.50043507965492
-9.005492344049038 -150.230622671908 149.50029604262036
-8.48612694650469 -150.26074952004493 149.5002010235183
-8.040048064627245 -150.285185872885 149.50012728933348
-7.800428681472205 -150.2977400221985 149.50006733513518
-7.613045767210487 -150.30733368294548 149.50006535928895
-7.374826281115096 -150.31924570371797 149.50011878344606
-7.094067982262779 -150.33274561049294 149.5001316356057
-6.834495898561375 -150.34474148300697 149.50012885688693
-6.531664121868168 -150.3581748935302 149.50013530079661
-6.266577337459241 -150.3694460989451 149.5001579924103
-5.983773130321694 -150.38095400033487 149.50018512537122
-5.738177372535754 -150.39050234005913 149.5001982787489
-5.445952430492708 -150.40133708517922 149.5002142411705
-5.189913867413079 -150.41037187304434 149.50024034294728
-2.5510918251649533 -150.4779055492036 149.5005090355702
-4.913882323206806 -150.4196211335441 149.50026953316507
37.91150663501963 -145.65698917992682 149.51100390189524
-4.673537241139897 -150.42724957401416 149.50028565677516
-4.383384378024136 -150.435948629133 149.50031039170082
-4.128309534290943 -150.44314979763286 149.50035163311077
-3.879478775093313 -150.4497415552731 149.5003785635979
-3.6075536108668436 -150.45647398716147 149.5004109392747
-3.3699870954018554 -150.4619459624012 149.50043458937745
-3.0791088573626393 -150.4681461878031 149.5004783069403
-2.8511945530165184 -150.47261424910258 149.5005182052288
-2.5982425330859096 -150.47714176553822 149.50053812522296
-2.319594160080557 -150.48172386720643 149.50051368002713
-2.0738256420456542 -150.48536099217765 149.50049447824665
-1.831151877185584 -150.48854207057792 149.5004618161456
-1.5912196242952628 -150.49128255175876 149.5004122181557
-1.3238971238671522 -150.4938859543288 149.500360620474
-1.0585002144191962 -150.4960247103318 149.5003364055009
-0.8245298150688667 -150.49751770063412 149.50031333941664
-0.5619972503340874 -150.49875305614498 149.50028353130915
-0.30036919740048174 -150.499546181687 149.50027450775215
-0.06920614379032286 -150.4998602247843 149.50026079650877
0.1916217715834433 -150.49977836713492 149.5002383044848
0.42267059395237405 -150.49931948271873 149.50021210029502
0.684079227308374 -150.4983630659566 149.50017576661583
0.9462818635234518 -150.49696496326766 149.50015972639002
1.1797967562611196 -150.49532875013236 149.5001415337888
1.444636197381214 -150.4930290378751 149.50011834759152
1.7112939001112362 -150.49026587619528 149.50012141065062
1.9504126089206943 -150.4873859949128 149.50012663252147
2.192144690696515 -150.48406738134534 149.50011350490092
2.4368450736952862 -150.48029485081457 149.50008527162987
2.7143322600502824 -150.47554715612668 149.5000683700806
2.965950325950085 -150.4708149863639 149.50007142987147
3.2215953935031445 -150.46557183194463 149.50007325163867
3.4524745312878373 -150.46044221467727 149.50005643784453
3.7464205586073183 -150.45340742812238 149.50004743066532
3.9873592410268355 -150.44722652042665 149.50005675193844
4.262810942061396 -150.43968412339783 149.5000675213109
4.486739389005626 -150.43316373117352 149.50006192617954
4.774451775339726 -150.4242841139961 149.50004578090613
5.040336675266916 -150.41561191798178 149.50005763877135
5.3133322031175965 -150.40622650693322 149.5000813580127
5.565884155383094 -150.39709615116325 149.5001002568869
5.826791816026004 -150.3871983451233 149.50010338972945
6.096297340847137 -150.3764906283851 149.5001020610777
6.374965628834449 -150.3649153755504 149.50010935449785
6.662896481879933 -150.3524315488145 149.5001401420857
6.906475334064483 -150.34142436289957 149.50015413435415
7.184054743478045 -150.32836825079156 149.50014301517015
7.415752892924967 -150.31711308715347 149.50017258305405
7.66024324976625 -150.3048596393568 149.50021768980176
7.966818468649844 -150.2889056402868 149.50025256415094
8.338986522857084 -150.2687076869607 149.50031276581115
8.747953193851835 -150.2454520391569 149.5003916932032
9.258850610907523 -150.2148597879566 149.50052968882076
9.824650286806357 -150.178966939375 149.50071848327286
10.510843419413938 -150.13253809726007 149.50094082774407
11.323306388893556 -150.07363409732855 149.5010933221053
12.299360307667254 -149.99719294853654 149.50123632250214
13.436384878944715 -149.90013194286246 149.50150609183112
14.78378933796397 -149.7738612215817 149.50190598010562
16.378904932056244 -149.6086031878654 149.5025342954005
18.25587984662654 -149.3921719999336 149.50349203193832
20.470834005894957 -149.10608092213565 149.50493130282712
23.075010918095963 -148.7270065487047 149.50708500707196
26.129597402912452 -148.22356886411913 149.50966119673726
29.720219359816653 -147.54954132739238 149.51303311488653
33.92806398836781 -146.6443336348575 149.51819709869733
38.86619447000274 -145.4206703289734 149.52570946871742
44.66601450827588 -143.75661227518412 149.53576478292996
51.49552770872731 -141.47006599840708 149.55185888929603
59.58306850416304 -138.28557118074804 149.57579442966164
67.79429336346743 -134.4348862937057 149.5617970608017
74.596418926262 -130.75676151872 149.539442364376
79.91401801720428 -127.5606694988827 149.52580487608853
84.14193935527038 -124.80198205309435 149.51725038966376
87.53433491023989 -122.43907090982198 149.51206157145103
90.27035734202386 -120.43182987960186 149.50796016725042
92.48413383434468 -118.73719777213685 149.50528481140196
94.28037009668887 -117.31378834091456 149.50358576629623
95.73488301294478 -116.12821566924505 149.50252203322782
96.91624103989008 -115.14289637935354 149.50185937189664
97.87959920996462 -114.3241981060378 149.5014892851365
98.65561321479808 -113.65480003110363 149.5011202427876
99.28533281609715 -113.10493033406092 149.50077533519337
99.7934320570416 -112.65674680548727 149.50052636170994
100.22610639165383 -112.27194137648182 149.50038271398364
100.54163498391992 -111.98942394778102 149.50027999817166
100.74714861156798 -111.8044693962991 149.50015835446172
100.90499254064342 -111.66205274939418 149.50014272126003
101.06562331454862 -111.51675136650584 149.50016279499744
101.29992992723662 -111.30395858842479 149.50012860122618
101.51539365017108 -111.10752306357534 149.50013078917382
101.70845623327067 -110.93083631459625 149.50011890568757
101.92243306753022 -110.7342651839747 149.5000934689809
102.14017182666512 -110.53348400182695 149.50009338731857
102.32418609239126 -110.36316554776685 149.50008492295441
102.54295703278805 -110.15992447261735 149.50007098823855
102.74090770392066 -109.97534651789883 149.50007606168327
102.93194198862452 -109.79656394751476 149.5000686120544
103.13201048560254 -109.6086433237848 149.50005411185302
103.326720104226 -109.42509258868877 149.50004140092028
103.54427784261034 -109.21926300422335 149.50005661356778
103.71454712388544 -109.05759408992346 149.5000678313144
103.92313117692754 -108.85883778515829 149.50007210762183
104.09880416298999 -108.69084613949097 149.5000762355043
104.29898920303557 -108.49873571340314 149.5000735705158
104.48205378509792 -108.32243468614963 149.50007531410878
104.6903060166143 -108.1211708360636 149.50009564658657
104.86623479159985 -107.95054930156586 149.5001222227012
105.05466898988247 -107.76716015251858 149.5001384678459
105.24030828667377 -107.58586061842075 149.5001560712697
105.4238792837658 -107.40595676554337 149.50017090228553
105.6202798038318 -107.21281070639117 149.50019957918923
105.78593563056093 -107.04933463923122 149.50021636556747
105.97920061365127 -106.85795191062614 149.50022477750943
106.17152189819387 -106.66684441169318 149.5002571922548
106.3341072597809 -106.50472621481934 149.50027265984
106.5395729232543 -106.29914251240044 149.50029633242946
106.70141135942947 -106.13665125326435 149.500318090937
106.90654530817069 -105.92997755527473 149.50035001374482
107.08305004942176 -105.75153269299726 149.5003992289786
107.24582706968783 -105.58639665278663 149.500418463598
107.45223840768466 -105.37626805644517 149.50045192070777
107.61690868800271 -105.20805037808408 149.50048813961038
107.81137035593999 -105.00870883185625 149.5005264375429
107.99294198742233 -104.82198744457857 149.5005405242897
108.17673816819084 -104.63237535003432 149.50051848691135
108.34833205982876 -104.45473191125036 149.50048867140168
108.52226467910698 -104.27403508515765 149.5004367206512
108.72653101128199 -104.06107745799765 149.50039601480483
108.89225835502933 -103.88768799212097 149.50036936127526
109.0894087322243 -103.68069094600789 149.50033459429125
109.26104010655266 -103.49984535795686 149.5003077049431
109.45093407856209 -103.29904085308895 149.50027101543134
109.63158273235112 -103.10732615000995 149.50023975969998
109.82935912526344 -102.89667608420282 149.5002191394254
110.00473251296091 -102.70920876870242 149.50020486832855
110.19943398061692 -102.50032026511016 149.5001875266356
110.371884778567 -102.31462375417676 149.50016532098655
110.57659802407137 -102.09337158958847 149.50014355293632
110.74743635668796 -101.90804376494313 149.5001251293449
110.9640648481945 -101.67216136552527 149.50011777226868
111.13589732926874 -101.48435000459482 149.50012346670187
111.320629200911 -101.28167157290967 149.50009607163207
111.50989157546006 -101.07325348818831 149.50007320509818
111.71112655609186 -100.85082996602925 149.50008018927826
111.92279701912483 -100.61593729462732 149.50011190409143
112.16932697537108 -100.34109021857631 149.5001447790481
112.4562149444368 -100.01952226420538 149.50018308766863
112.7892966497062 -99.64383118782268 149.5002331155073
113.1936032576034 -99.1844568316477 149.50035378386627
113.65048854204275 -98.66081327556775 149.5005360066831
114.19643998009941 -98.02860155807151 149.5007646074955
114.8415098232828 -97.27240630256328 149.5011016586402
115.59713594210932 -96.37364082625992 149.50159777826212
116.48094070099728 -95.30413001935605 149.50230311565002
117.51346448558759 -94.0293117913858 149.5029912686397
118.71499412735932 -92.5097274504588 149.50381731819198
120.10738944701548 -90.69725153485152 149.50512603710567
121.71179881660098 -88.535981341409 149.50711064006583
123.55141590865931 -85.95458683463389 149.51002109191006
125.65362631620849 -82.8577452513313 149.51399281228825
128.0313197363609 -79.14507576223419 149.5190159207084
130.7017998194061 -74.66761291033707 149.52678296135122
133.66837854315187 -69.24089473356453 149.5378225293986
136.92171130586047 -62.60167337269189 149.5543376143618
140.41690477693902 -54.38219440169976 149.58002469658322
143.40591015608953 -45.848536524999716 149.5576377245612
145.48038049909164 -38.68726150497522 149.53655866341538
146.89385277324845 -32.85660917722279 149.5245479323862
147.87550587005055 -28.070027037266055 149.5161391402303
148.5646915811424 -24.125256063230008 149.5109138787319
149.05266254424072 -20.872260051451608 149.50769597194616
149.40108925449962 -18.192674018061894 149.50524632847905
149.65166555694793 -15.987887695953308 149.50344520864093
149.8328974777223 -14.178453975316264 149.5022675116826
150.0628320240893 -11.475640425840831 149.50104082783676
150.13481580771239 -10.486349253653714 149.50074763515343
150.18904587292008 -9.67414237722335 149.50056782819317
150.23043487581208 -9.005370173534695 149.5004887047952
150.2605108360696 -8.486083498469661 149.50044008480427
150.2849133753837 -8.039895624788377 149.5004062186123
150.29744005863327 -7.80039315767852 149.50036769991462
150.30702763295918 -7.612802694896496 149.50038254277922
150.3189076365753 -7.374799679366037 149.50045725736
150.33238257513827 -7.094040846274697 149.50049507452923
150.3443553600502 -6.834468438311045 149.5005153737511
150.35504148698433 -6.593084962745458 149.5004922630852
150.36910516761216 -6.26655313196586 149.50049921899569
150.38067080395254 -5.983751824470545 149.50046854687676
150.39026928286674 -5.738158527194724 149.50043150335944
150.40116369874795 -5.445936132964768 149.50038774165242
150.4102507699122 -5.1898996932516175 149.50036151780392
150.41955610631035 -4.913878967274877 149.50033429230803
150.42723420805504 -4.6735174866018285 149.50030129991882
150.43599224514787 -4.383375655474711 149.50026675704927
150.4432455137478 -4.128302167143805 149.50025588093672
150.44988809831784 -3.8794725411931594 149.50023197238724
150.5 -0.11776579776425271 149.50004638388285
150.4566760747405 -3.6075484736513523 149.5002087934985
150.46219657927676 -3.3699826616616657 149.50018391106508
150.46845622043892 -3.0791052836726336 149.5001682081636
150.47297084093555 -2.851191269938245 149.5001615506583
150.4775500284425 -2.598239524155033 149.50012980305542
150.48212072462817 -2.319590348507155 149.50011677492833
150.48573551634826 -2.0738208301598005 149.50011991867845
150.48889454022557 -1.8311461417524464 149.5001093212013
150.49161321369485 -1.5912130415804702 149.50008153903005
150.494192315271 -1.3238898075435739 149.50005424821006
150.49630694334584 -1.0584922401551111 149.5000541656141
150.4977786618314 -0.8245212215129879 149.50005237479567
150.49899014667815 -0.5619880869366303 149.5000464397467
150.49970362574473 -0.31935472985705377 149.5000447211605
