846
67 120 66
607 21 22
57 218 56
66 121 122
529 27 28
66 122 65
288 52 287
406 42 405
410 41 409
512 29 30
412 40 411
507 508 32
601 24 25
69 115 68
607 608 21
5 800 4
579 26 27
605 22 23
511 30 31
509 31 32
597 25 26
516 28 29
507 32 33
499 34 35
8 794 7
422 423 36
58 217 57
413 39 412
330 45 329
10 758 9
407 42 406
319 47 318
315 49 314
314 50 313
313 50 312
56 219 220
310 51 309
325 45 324
306 52 305
289 52 288
266 53 265
55 221 222
65 124 64
61 206 60
60 212 59
59 215 58
64 126 63
321 46 320
62 171 61
14 704 13
68 118 67
70 108 69
809 810 2
3 806 2
821 822 1
6 799 5
7 797 6
11 715 10
13 706 12
9 789 8
15 702 14
17 697 16
18 689 17
1 71 72
1 87 70
1 72 73
1 73 74
1 74 75
1 75 76
1 76 77
1 77 78
1 78 79
1 79 80
1 80 81
1 81 82
1 82 83
1 83 84
1 84 85
1 85 86
1 86 87
70 87 88
70 88 89
70 89 90
70 90 91
70 91 92
70 92 93
70 93 94
70 94 95
70 95 96
70 96 97
70 97 98
70 98 99
70 99 100
70 100 101
70 101 102
70 102 103
70 103 104
70 104 105
70 105 106
70 106 107
70 107 108
69 108 109
69 109 110
69 110 111
69 111 112
69 112 113
69 113 114
69 114 115
68 115 116
68 116 117
68 117 118
67 118 119
67 119 120
66 120 121
63 132 62
65 122 123
65 123 124
64 124 125
64 125 126
63 126 127
63 127 128
63 128 129
63 129 130
63 130 131
63 131 132
62 132 133
62 133 134
62 134 135
62 135 136
62 136 137
62 137 138
62 138 139
62 139 140
62 140 141
62 141 142
62 142 143
62 143 144
62 144 145
62 145 146
62 146 147
62 147 148
62 148 149
62 149 150
62 150 151
62 151 152
62 152 153
62 153 154
62 154 155
62 155 156
62 156 157
62 157 158
62 158 159
62 159 160
62 160 161
62 161 162
62 162 163
62 163 164
62 164 165
62 165 166
62 166 167
62 167 168
62 168 169
62 169 170
62 170 171
61 171 172
61 172 173
61 173 174
61 174 175
61 175 176
61 176 177
61 177 178
61 178 179
61 179 180
61 180 181
61 181 182
61 182 183
61 183 184
61 184 185
61 185 186
61 186 187
61 187 188
61 188 189
61 189 190
61 190 191
61 191 192
61 192 193
61 193 194
61 194 195
61 195 196
61 196 197
61 197 198
61 198 199
61 199 200
61 200 201
61 201 202
61 202 203
61 203 204
61 204 205
61 205 206
60 206 207
60 207 208
60 208 209
60 209 210
60 210 211
60 211 212
59 212 213
59 213 214
59 214 215
58 215 216
58 216 217
57 217 218
56 218 219
56 220 55
55 220 221
55 222 223
55 223 54
54 223 224
54 225 226
54 224 225
54 226 227
54 227 228
54 228 229
54 229 230
54 230 231
54 231 232
54 232 233
54 233 234
54 234 235
54 235 53
236 53 235
237 53 236
238 53 237
239 53 238
240 53 239
241 53 240
242 53 241
243 53 242
244 53 243
245 53 244
246 53 245
247 53 246
248 53 247
249 53 248
250 53 249
251 53 250
252 53 251
253 53 252
254 53 253
255 53 254
256 53 255
257 53 256
258 53 257
259 53 258
260 53 259
261 53 260
262 53 261
263 53 262
264 53 263
267 53 266
265 53 264
268 53 267
269 53 268
270 53 269
271 53 270
272 53 271
273 53 272
274 53 273
275 53 274
276 53 275
277 53 276
278 53 277
279 53 278
280 53 279
281 53 280
282 53 281
283 53 282
284 53 283
285 53 284
286 53 285
287 52 286
52 53 286
309 51 308
290 52 289
291 52 290
292 52 291
293 52 292
294 52 293
295 52 294
296 52 295
297 52 296
298 52 297
299 52 298
300 52 299
301 52 300
302 52 301
303 52 302
304 52 303
305 52 304
316 48 315
307 52 306
308 51 307
51 52 307
352 44 351
311 51 310
312 50 311
50 51 311
318 47 317
317 48 316
49 50 314
48 49 315
390 44 389
47 48 317
320 46 319
46 47 319
322 46 321
323 46 322
324 45 323
45 46 323
326 45 325
327 45 326
328 45 327
329 45 328
398 43 397
331 45 330
332 45 331
333 45 332
334 45 333
335 45 334
336 45 335
337 45 336
338 45 337
339 45 338
340 45 339
341 45 340
342 45 341
343 45 342
344 45 343
345 45 344
346 45 345
347 45 346
348 45 347
349 45 348
350 45 349
351 44 350
44 45 350
353 44 352
354 44 353
355 44 354
356 44 355
357 44 356
358 44 357
359 44 358
360 44 359
361 44 360
362 44 361
363 44 362
364 44 363
365 44 364
366 44 365
367 44 366
368 44 367
369 44 368
370 44 369
371 44 370
372 44 371
373 44 372
374 44 373
375 44 374
376 44 375
377 44 376
378 44 377
379 44 378
380 44 379
381 44 380
382 44 381
383 44 382
384 44 383
385 44 384
386 44 385
387 44 386
388 44 387
389 44 388
391 44 390
392 44 391
393 44 392
394 44 393
395 44 394
396 44 395
397 43 396
43 44 396
399 43 398
400 43 399
401 43 400
402 43 401
403 43 402
404 43 403
405 43 404
418 37 417
42 43 405
408 42 407
409 41 408
41 42 408
411 40 410
40 41 410
39 40 412
415 38 414
38 39 414
414 39 413
4 802 3
37 38 416
416 38 415
417 37 416
453 454 36
419 37 418
420 37 419
502 503 34
421 37 420
36 37 422
422 37 421
12 709 11
423 424 36
424 425 36
425 426 36
426 427 36
427 428 36
428 429 36
429 430 36
430 431 36
431 432 36
432 433 36
433 434 36
434 435 36
435 436 36
436 437 36
437 438 36
438 439 36
439 440 36
440 441 36
441 442 36
442 443 36
443 444 36
444 445 36
465 35 36
445 446 36
504 33 34
446 447 36
447 448 36
448 449 36
449 450 36
450 451 36
451 452 36
452 453 36
493 494 35
454 455 36
455 456 36
456 457 36
457 458 36
458 459 36
459 460 36
460 461 36
461 462 36
462 463 36
463 464 36
464 465 36
465 466 35
466 467 35
467 468 35
468 469 35
469 470 35
470 471 35
471 472 35
472 473 35
473 474 35
474 475 35
475 476 35
476 477 35
477 478 35
478 479 35
479 480 35
480 481 35
481 482 35
482 483 35
483 484 35
484 485 35
485 486 35
486 487 35
487 488 35
488 489 35
489 490 35
490 491 35
491 492 35
492 493 35
505 506 33
494 495 35
495 496 35
496 497 35
497 498 35
498 499 35
499 500 34
500 501 34
501 502 34
503 504 34
504 505 33
506 507 33
604 23 24
508 509 32
509 510 31
510 511 31
511 512 30
512 513 29
513 514 29
514 515 29
515 516 29
516 517 28
517 518 28
518 519 28
519 520 28
520 521 28
521 522 28
522 523 28
523 524 28
524 525 28
525 526 28
526 527 28
527 528 28
528 529 28
529 530 27
530 531 27
531 532 27
532 533 27
533 534 27
534 535 27
535 536 27
536 537 27
537 538 27
538 539 27
539 540 27
540 541 27
541 542 27
542 543 27
543 544 27
544 545 27
545 546 27
546 547 27
547 548 27
548 549 27
549 550 27
550 551 27
551 552 27
552 553 27
553 554 27
554 555 27
555 556 27
556 557 27
557 558 27
558 559 27
559 560 27
560 561 27
561 562 27
562 563 27
563 564 27
564 565 27
565 566 27
566 567 27
567 568 27
568 569 27
569 570 27
570 571 27
571 572 27
572 573 27
573 574 27
574 575 27
575 576 27
576 577 27
577 578 27
578 579 27
579 580 26
580 581 26
581 582 26
582 583 26
583 584 26
584 585 26
585 586 26
586 587 26
587 588 26
588 589 26
589 590 26
590 591 26
591 592 26
592 593 26
593 594 26
594 595 26
595 596 26
596 597 26
597 598 25
598 599 25
599 600 25
600 601 25
601 602 24
602 603 24
603 604 24
604 605 23
605 606 22
606 607 22
608 609 21
609 20 21
609 610 20
610 611 20
611 612 20
612 613 20
613 614 20
614 19 20
19 614 615
19 615 616
19 616 617
19 617 618
19 618 619
19 619 620
19 620 621
19 621 622
19 622 623
19 623 624
19 624 625
19 625 626
19 626 627
19 627 628
19 628 629
19 629 630
19 630 631
19 631 632
19 632 633
19 643 18
19 633 634
16 700 15
19 634 635
19 635 636
19 636 637
19 637 638
19 638 639
19 639 640
19 640 641
19 641 642
19 642 643
18 643 644
18 644 645
18 645 646
18 646 647
18 647 648
18 648 649
18 649 650
18 650 651
18 651 652
18 652 653
18 653 654
18 654 655
18 655 656
18 656 657
18 657 658
18 658 659
18 659 660
18 660 661
18 661 662
18 662 663
18 663 664
18 664 665
18 665 666
18 666 667
18 667 668
18 668 669
18 669 670
18 670 671
18 671 672
18 672 673
18 673 674
18 674 675
18 675 676
18 676 677
18 677 678
18 678 679
18 679 680
18 680 681
18 681 682
18 682 683
18 683 684
18 684 685
18 685 686
18 686 687
18 687 688
18 688 689
17 689 690
17 690 691
17 691 692
17 692 693
17 693 694
17 694 695
17 695 696
17 696 697
16 697 698
16 698 699
16 699 700
15 700 701
15 701 702
14 702 703
14 703 704
13 704 705
13 705 706
12 706 707
12 707 708
12 708 709
11 709 710
11 710 711
11 711 712
11 712 713
11 713 714
11 714 715
10 715 716
10 716 717
10 717 718
10 718 719
10 719 720
10 720 721
10 721 722
10 722 723
10 723 724
10 724 725
10 725 726
10 726 727
10 727 728
10 728 729
10 729 730
10 730 731
10 731 732
10 732 733
10 733 734
10 734 735
10 735 736
10 736 737
10 737 738
10 738 739
10 739 740
10 740 741
10 741 742
10 742 743
10 743 744
10 744 745
10 745 746
10 746 747
10 747 748
10 748 749
10 749 750
10 750 751
10 751 752
10 752 753
10 753 754
10 754 755
10 755 756
10 756 757
10 757 758
9 758 759
9 759 760
9 760 761
9 761 762
9 762 763
9 763 764
9 764 765
9 765 766
9 766 767
9 767 768
9 768 769
9 769 770
9 770 771
9 771 772
9 772 773
9 773 774
9 774 775
9 775 776
9 776 777
9 777 778
9 778 779
9 779 780
9 780 781
9 781 782
9 782 783
9 783 784
9 784 785
9 785 786
9 786 787
9 787 788
9 788 789
8 789 790
8 790 791
8 791 792
8 792 793
8 793 794
7 794 795
7 795 796
7 796 797
6 797 798
6 798 799
5 799 800
4 800 801
4 801 802
3 802 803
3 803 804
3 804 805
3 805 806
806 807 2
807 808 2
808 809 2
2 810 811
2 811 812
2 812 813
2 813 814
2 814 815
2 815 816
2 816 817
2 817 818
2 818 819
2 819 820
2 820 821
2 821 1
822 823 1
823 824 1
824 825 1
825 826 1
826 827 1
827 828 1
828 829 1
829 830 1
830 831 1
831 832 1
846 71 1
832 833 1
833 834 1
834 835 1
835 836 1
836 837 1
837 838 1
838 839 1
839 840 1
840 841 1
841 842 1
842 843 1
843 844 1
844 845 1
845 846 1
846
